Machines;Jobs;Maintenance;
1;8;1

R
0;

P
5.228941309;5.769677700833332;2.05714;44.220504296833326;5.521226617333332;2.739819051833333;37.63023345;11.406532728999998;

PM
7.995015437651898;

ELEG
1;1;1;1;1;1;1;1;

ELEG_PM
1;

MDS
0.13333333333333333;0.13333333333333333;0.13333333333333333;0.13333333333333333;0.13333333333333333;0.13333333333333333;0.13333333333333333;0.13333333333333333;

SDS
M_0
0.13333333333333333;3.4666666666666663;2.6333333333333333;3.4666666666666663;3.4666666666666663;3.6333333333333333;3.6333333333333333;1.7999999999999998;
3.4666666666666663;0.13333333333333333;1.9666666666666666;0.7999999999999999;0.7999999999999999;3.6333333333333333;1.9666666666666666;3.4666666666666663;
2.6333333333333333;1.9666666666666666;0.13333333333333333;1.9666666666666666;1.9666666666666666;3.4666666666666663;1.7999999999999998;3.6333333333333333;
3.4666666666666663;0.7999999999999999;1.9666666666666666;0.13333333333333333;0.13333333333333333;3.6333333333333333;1.9666666666666666;3.4666666666666663;
3.4666666666666663;0.7999999999999999;1.9666666666666666;0.13333333333333333;0.13333333333333333;3.6333333333333333;1.9666666666666666;3.4666666666666663;
3.6333333333333333;3.6333333333333333;3.4666666666666663;3.6333333333333333;3.6333333333333333;0.13333333333333333;3.4666666666666663;3.6333333333333333;
3.6333333333333333;1.9666666666666666;1.7999999999999998;1.9666666666666666;1.9666666666666666;3.4666666666666663;0.13333333333333333;3.6333333333333333;
1.7999999999999998;3.4666666666666663;3.6333333333333333;3.4666666666666663;3.4666666666666663;3.6333333333333333;3.6333333333333333;0.13333333333333333;

S_PM
2.0099625434540034;
