Machines;Jobs;Maintenance;
2;8;2

R
0;0;

P
11.884012065833332;9.525449627333332;1.9671744106666664;33.552004828499996;4.960827395666666;11.537058261999999;17.209398955166666;41.4170681905;
11.884012065833332;9.525449627333332;1.9671744106666664;33.552004828499996;4.960827395666666;11.537058261999999;17.209398955166666;41.4170681905;

PM
7.99760012762975;0;
0;7.9955535131625615;

ELEG
1;1;1;1;1;1;1;1;
1;1;1;1;1;1;1;1;

ELEG_PM
1;0;
0;1;

MDS
0.13333333333333333;0.13333333333333333;0.13333333333333333;0.13333333333333333;0.13333333333333333;0.13333333333333333;0.13333333333333333;0.13333333333333333;
0.13333333333333333;0.13333333333333333;0.13333333333333333;0.13333333333333333;0.13333333333333333;0.13333333333333333;0.13333333333333333;0.13333333333333333;

SDS
M_0
0.13333333333333333;0.7999999999999999;3.4666666666666663;1.9666666666666666;3.4666666666666663;3.4666666666666663;3.4666666666666663;1.7999999999999998;
0.7999999999999999;0.13333333333333333;3.4666666666666663;1.9666666666666666;3.4666666666666663;3.4666666666666663;3.4666666666666663;1.7999999999999998;
3.4666666666666663;3.4666666666666663;0.13333333333333333;3.6333333333333333;1.7999999999999998;1.7999999999999998;3.4666666666666663;3.4666666666666663;
1.9666666666666666;1.9666666666666666;3.6333333333333333;0.13333333333333333;3.6333333333333333;3.6333333333333333;3.6333333333333333;0.9666666666666667;
3.4666666666666663;3.4666666666666663;1.7999999999999998;3.6333333333333333;0.13333333333333333;1.7999999999999998;3.4666666666666663;3.4666666666666663;
3.4666666666666663;3.4666666666666663;1.7999999999999998;3.6333333333333333;1.7999999999999998;0.13333333333333333;3.4666666666666663;3.4666666666666663;
3.4666666666666663;3.4666666666666663;3.4666666666666663;3.6333333333333333;3.4666666666666663;3.4666666666666663;0.13333333333333333;3.4666666666666663;
1.7999999999999998;1.7999999999999998;3.4666666666666663;0.9666666666666667;3.4666666666666663;3.4666666666666663;3.4666666666666663;0.13333333333333333;

M_1
0.13333333333333333;0.7999999999999999;3.4666666666666663;1.9666666666666666;3.4666666666666663;3.4666666666666663;3.4666666666666663;1.7999999999999998;
0.7999999999999999;0.13333333333333333;3.4666666666666663;1.9666666666666666;3.4666666666666663;3.4666666666666663;3.4666666666666663;1.7999999999999998;
3.4666666666666663;3.4666666666666663;0.13333333333333333;3.6333333333333333;1.7999999999999998;1.7999999999999998;3.4666666666666663;3.4666666666666663;
1.9666666666666666;1.9666666666666666;3.6333333333333333;0.13333333333333333;3.6333333333333333;3.6333333333333333;3.6333333333333333;0.9666666666666667;
3.4666666666666663;3.4666666666666663;1.7999999999999998;3.6333333333333333;0.13333333333333333;1.7999999999999998;3.4666666666666663;3.4666666666666663;
3.4666666666666663;3.4666666666666663;1.7999999999999998;3.6333333333333333;1.7999999999999998;0.13333333333333333;3.4666666666666663;3.4666666666666663;
3.4666666666666663;3.4666666666666663;3.4666666666666663;3.6333333333333333;3.4666666666666663;3.4666666666666663;0.13333333333333333;3.4666666666666663;
1.7999999999999998;1.7999999999999998;3.4666666666666663;0.9666666666666667;3.4666666666666663;3.4666666666666663;3.4666666666666663;0.13333333333333333;

S_PM
2.0098846675268764;0;
0;1.9927885286988636;
